44
46
44
42
42
42
42
43
46
46
43
64
43
48
40
45
40
39
42
42
40
41
39
43
40
41
42
40
40
41
42
42
41
42
43
41
42
40
39
41
41
43
41
40
42
44
41
44
42
42
42
41
42
39
43
42
43
41
41
38
42
41
41
42
41
42
42
42
42
39
44
45
42
42
40
43
43
45
44
40
43
42
43
42
40
42
43
43
69
49
41
42
38
42
42
39
38
42
41
42
43
39
42
41
41
41
39
41
41
42
41
40
41
41
41
42
39
39
42
41
42
41
42
43
43
41
42
42
39
38
40
44
40
42
39
41
40
43
40
40
40
40
42
40
41
41
41
41
43
39
43
42
41
41
39
38
41
41
41
40
40
44
41
43
43
41
42
42
42
42
40
43
43
41
41
40
41
42
42
44
40
40
42
43
42
42
42
42
42
43
42
39
43
43
42
43
40
50
43
42
43
40
45
49
43
45
39
39
43
42
59
42
41
43
38
43
44
38
37
40
41
41
39
38
41
42
42
40
41
44
41
53
40
39
39
41
42
40
39
40
43
41
42
41
45
43
41
37
44
44
40
46
42
44
40
43
40
46
48
41
43
39
47
42
41
41
40
39
42
41
41
39
39
42
41
43
41
42
43
45
41
44
46
44
43
44
44
38
44
42
43
43
41
39
51
47
43
42
41
42
44
43
43
42
47
45
43
47
45
41
42
46
43
43
44
47
47
46
44
40
43
44
46
48
43
45
45
44
43
44
42
44
45
46
43
42
43
43
44
44
43
42
45
45
59
42
42
44
45
45
40
42
43
40
42
42
42
41
40
42
42
41
41
40
40
41
42
41
42
38
44
43
42
42
39
42
42
42
41
41
44
43
42
43
40
41
42
46
44
42
40
42
43
41
42
41
40
42
43
43
42
41
44
43
45
48
44
46
47
43
44
41
43
44
43
44
41
40
43
43
43
44
41
46
44
43
43
42
45
44
45
43
41
41
43
44
45
42
44
40
42
42
40
42
42
42
42
41
39
43
41
41
43
39
43
41
43
41
40
42
42
42
42
39
39
43
42
41
42
40
41
42
42
41
38
44
43
43
42
42
44
42
50
43
43
40
47
45
44
42
39
44
44
46
42
40
42
41
43
45
44
70
43
42
42
44
48
41
41
44
52
43
39
40
41
42
42
40
39
42
40
41
41
40
43
42
45
41
38
44
42
40
41
40
41
45
41
41
38
39
42
42
42
44
41
43
42
42
41
39
41
42
40
41
39
44
42
44
42
38
40
45
43
44
46
52
42
43
43
44
40
44
42
42
41
40
47
44
45
42
41
42
48
42
51
41
42
43
47
51
45
41
44
44
43
44
42
58
40
47
43
44
40
43
48
43
48
43
42
45
45
48
48
53
64
42
45
54
48
44
51
53
44
42
50
42
44
55
50
45
43
49
42
42
42
39
40
41
41
41
45
41
41
42
41
42
40
44
42
42
42
41
42
45
42
43
39
44
43
43
43
42
40
44
41
42
43
39
43
42
43
42
46
43
43
43
45
42
45
42
42
43
40
39
45
43
41
41
40
45
42
42
42
41
41
43
43
42
40
42
43
44
44
40
44
43
43
42
40
43
44
62
43
42
43
39
43
41
39
41
43
45
41
41
39
41
42
42
42
39
44
42
42
42
42
41
42
43
42
39
42
42
44
50
48
45
45
51
42
44
51
52
47
84
43
53
45
42
43
43
57
44
41
49
82
45
47
42
39
42
43
42
42
41
42
44
43
42
39
43
43
42
42
38
41
44
46
43
45
40
42
41
44
43
40
42
44
42
43
40
44
44
43
42
39
47
43
45
42
41
40
43
42
43
40
40
43
43
44
43
40
43
46
43
42
39
42
44
43
43
41
45
74
45
42
42
42
42
46
41
39
43
43
42
43
39
40
43
42
41
40
39
41
43
41
44
40
42
43
43
41
43
45
57
42
41
40
40
42
42
39
38
41
42
41
40
41
41
42
42
41
40
42
43
42
42
40
43
46
42
42
39
42
94
43
42
42
40
44
43
49
39
43
44
43
44
41
44
54
96
47
42
74
50
51
51
44
43
49
43
43
42
41
42
49
44
45
52
44
43
44
44
42
43
43
44
42
40
39
43
45
43
40
42
45
46
44
47
41
43
43
44
44
40
44
42
43
47
78
45
44
41
41
43
43
38
38
41
43
42
40
38
41
43
43
38
40
41
43
43
41
41
42
43
41
44
40
44
54
44
49
58
44
50
48
50
47
43
43
46
42
41
39
63
48
49
49
47
48
48
52
46
52
42
50
53
42
56
41
46
43
42
47
45
43
42
42
46
43
