30
49
35
44
46
22
33
36
22
33
25
62
33
46
23
49
43
37
36
34
43
34
38
34
42
37
41
39
42
37
41
53
31
38
38
22
39
47
40
44
42
37
39
37
37
33
40
33
22
36
55
43
37
36
37
22
36
43
41
48
41
42
42
35
41
48
23
36
39
50
37
40
41
44
40
41
39
35
40
22
22
39
39
37
43
47
38
46
22
42
40
22
56
36
37
47
21
35
60
32
37
41
22
43
40
33
45
35
38
42
43
37
39
43
42
37
40
36
38
21
41
38
40
34
40
36
40
46
43
46
40
36
43
35
44
35
36
21
36
36
38
32
39
22
37
40
38
39
41
36
39
47
40
57
33
33
41
37
40
34
51
36
40
41
45
44
39
44
41
45
42
51
47
36
41
46
43
36
33
22
36
36
35
36
37
41
44
43
40
40
37
44
35
22
22
21
46
38
46
40
33
42
35
23
46
34
33
22
47
39
56
22
46
41
36
37
57
34
40
40
36
42
44
22
45
38
22
37
36
37
24
40
34
43
42
39
54
22
46
37
37
51
36
39
33
37
34
38
58
43
23
46
43
22
41
36
26
36
35
35
34
36
45
41
37
33
37
36
36
33
35
44
37
35
37
37
36
34
37
45
22
23
36
33
34
34
33
24
38
45
39
25
34
24
23
61
32
45
23
46
35
36
33
23
37
32
22
33
23
40
22
36
37
22
23
46
34
23
46
36
37
22
34
40
23
63
66
22
36
22
38
39
42
35
47
54
68
48
34
56
33
24
39
36
21
23
22
45
36
43
41
36
41
37
41
47
22
47
22
43
55
36
44
44
35
37
39
32
39
36
39
22
22
36
47
34
36
35
36
36
34
37
38
36
36
37
46
24
44
22
47
38
35
40
35
42
37
43
40
38
34
37
34
39
40
22
23
22
38
38
34
41
44
46
38
58
36
36
37
37
35
44
45
33
33
38
42
38
35
36
36
23
33
57
37
38
21
51
45
38
33
34
44
37
35
37
36
35
55
36
37
36
22
41
36
37
36
36
52
36
62
36
39
37
37
36
36
56
22
33
22
44
22
33
23
39
39
43
41
21
35
22
47
36
22
40
39
22
33
34
43
22
55
23
33
52
34
33
36
23
23
58
33
60
46
45
44
34
22
23
22
60
44
34
37
36
36
37
35
37
61
33
49
37
44
44
45
41
43
36
36
41
64
22
45
37
36
39
37
41
34
42
65
45
39
38
35
40
37
43
37
45
22
22
37
47
45
35
22
37
32
38
22
24
24
22
58
41
57
23
43
34
32
62
36
35
22
36
36
43
22
66
41
22
22
44
22
24
34
36
26
46
37
43
42
32
62
37
23
48
43
41
47
23
32
46
22
22
33
34
22
23
60
33
23
22
25
25
45
60
56
37
24
29
46
36
25
25
49
49
35
33
33
38
45
40
33
39
35
41
34
53
42
22
36
37
40
35
35
36
35
40
53
57
38
36
35
22
36
41
43
41
33
37
36
58
22
36
35
37
23
35
36
37
37
42
21
35
53
36
37
36
37
37
55
36
36
46
34
37
36
37
36
36
34
37
36
36
36
38
36
37
35
48
34
36
39
34
40
35
38
22
37
37
21
45
22
36
22
35
40
37
40
34
43
37
35
42
22
36
36
39
39
23
46
37
36
37
37
37
37
35
22
22
24
37
38
36
33
24
35
38
24
49
46
41
42
44
43
47
61
46
44
23
23
23
44
64
59
63
41
43
39
35
23
35
35
22
41
35
39
36
39
37
33
37
32
38
34
37
52
35
34
36
37
51
22
39
34
35
52
36
37
22
22
36
36
37
55
39
22
37
35
36
40
35
35
43
37
36
38
22
37
39
22
34
34
35
34
34
36
22
21
22
44
37
35
37
34
22
46
56
36
35
37
35
36
36
36
36
37
35
37
22
37
35
36
37
22
36
37
33
55
47
36
35
35
41
37
38
37
38
34
45
38
39
37
35
34
34
36
37
37
59
42
36
37
36
47
36
37
35
36
36
22
36
36
34
35
37
22
34
38
36
37
38
40
33
24
45
42
25
23
39
46
22
23
42
22
36
35
36
34
58
23
24
24
23
46
35
54
37
37
35
49
23
34
39
36
22
22
22
35
21
37
22
22
23
22
36
36
22
36
41
22
36
22
45
40
36
23
36
22
22
36
34
39
37
22
35
43
36
55
35
37
35
35
36
36
37
36
37
35
22
37
36
22
23
48
23
37
22
23
23
23
22
23
23
36
36
36
50
24
22
22
46
24
23
41
23
25
24
36
27
40
22
24
22
45
22
50
24
22
40
22
36
42
24
23
